5.670002 1.300000 28.517990 5.370002 0.000000 13.517980 0.000000 1.000000 0.000000 0.000000 0.000000 0.000000 0.000000 0.000000 0.000000 0.000000 0.000000
4.780642 1.300000 20.465326 3.133677 0.000000 5.552991 0.000000 1.000000 0.000000 0.000000 0.000000 0.000000 0.000000 0.000000 0.000000 0.000000 0.000000
4.133734 1.300000 12.396884 3.833734 0.000000 -2.603123 0.000000 1.000000 0.000000 0.000000 0.000000 0.000000 0.000000 0.000000 0.000000 0.000000 0.000000
4.420569 1.300000 10.619519 6.810860 0.000000 -4.191853 0.000000 1.000000 0.000000 0.000000 0.000000 0.000000 0.000000 0.000000 0.000000 0.000000 0.000000
5.137656 1.300000 6.176107 7.527947 0.000000 -8.635265 0.000000 1.000000 0.000000 0.000000 0.000000 0.000000 0.000000 0.000000 0.000000 0.000000 0.000000
5.137656 1.300000 6.176107 18.225632 0.000000 -1.158407 0.000000 1.000000 0.000000 0.000000 0.000000 0.000000 0.000000 0.000000 0.000000 0.000000 0.000000
5.137656 1.300000 6.176107 0.418250 0.000000 -8.065296 0.000000 1.000000 0.000000 0.000000 0.000000 0.000000 0.000000 0.000000 0.000000 0.000000 0.000000
3.795008 1.300000 4.011447 -9.143635 0.000000 -3.583417 0.000000 1.000000 0.000000 0.000000 0.000000 0.000000 0.000000 0.000000 0.000000 0.000000 0.000000
3.795008 1.300000 4.011447 -10.627027 0.000000 8.146090 0.000000 1.000000 0.000000 0.000000 0.000000 0.000000 0.000000 0.000000 0.000000 0.000000 0.000000
2.901249 1.300000 5.159258 6.444252 0.000000 19.737930 0.000000 1.000000 0.000000 14.000000 0.000000 0.000000 0.000000 0.000000 0.000000 0.000000 0.000000
2.901249 1.300000 5.159258 16.875963 0.000000 10.618013 0.000000 1.000000 0.000000 14.000000 0.000000 0.000000 0.000000 0.000000 0.000000 0.000000 0.000000
2.901249 1.300000 5.159258 1.003777 0.000000 -9.723304 0.000000 1.000000 0.000000 0.000000 0.000000 0.000000 0.000000 0.000000 0.000000 0.000000 0.000000
2.787401 1.300000 4.266304 -11.962418 0.000000 1.521531 0.000000 1.000000 0.000000 0.000000 0.000000 0.000000 0.000000 0.000000 0.000000 0.000000 0.000000
1.017423 1.300000 3.936931 -13.195338 0.000000 8.741971 0.000000 1.000000 0.000000 0.000000 0.000000 0.000000 0.000000 0.000000 0.000000 0.000000 0.000000
1.017423 1.300000 3.936931 8.539970 0.000000 16.917751 0.000000 1.000000 0.000000 -2.000000 0.000000 0.000000 0.000000 0.000000 0.000000 0.000000 0.000000
3.274187 1.300000 7.831177 10.796736 0.000000 20.811995 0.000000 1.000000 0.000000 -2.000000 0.000000 0.000000 0.000000 0.000000 0.000000 0.000000 0.000000
3.274187 1.300000 7.831177 -10.624875 0.000000 13.479823 0.000000 1.000000 0.000000 -2.000000 0.000000 0.000000 0.000000 0.000000 0.000000 0.000000 0.000000
1.618318 1.300000 5.016767 0.616680 0.000000 -9.952805 0.000000 1.000000 0.000000 -2.000000 0.000000 0.000000 0.000000 0.000000 0.000000 0.000000 0.000000
1.618318 1.300000 5.016767 8.455600 0.000000 -8.337743 0.000000 1.000000 0.000000 -2.000000 0.000000 0.000000 0.000000 0.000000 0.000000 0.000000 0.000000
2.438792 1.300000 3.414226 9.276074 0.000000 -9.940284 0.000000 1.000000 0.000000 -2.000000 0.000000 0.000000 0.000000 0.000000 0.000000 0.000000 0.000000
2.339401 1.300000 0.715507 1.337761 0.000000 -14.254075 0.000000 1.000000 0.000000 -2.000000 0.000000 0.000000 0.000000 0.000000 0.000000 0.000000 0.000000
2.279303 1.300000 -0.182668 -9.039403 0.000000 9.665097 0.000000 1.000000 0.000000 -2.000000 0.000000 0.000000 0.000000 0.000000 0.000000 0.000000 0.000000
1.465674 1.300000 2.203533 0.344784 0.000000 17.164654 0.000000 1.000000 0.000000 -2.000000 0.000000 0.000000 0.000000 0.000000 0.000000 0.000000 0.000000
1.532927 1.300000 1.305866 -12.910533 0.000000 -2.753500 0.000000 1.000000 0.000000 -2.000000 0.000000 0.000000 0.000000 0.000000 0.000000 0.000000 0.000000
1.532927 1.300000 1.305866 2.779552 0.000000 -13.645316 0.000000 1.000000 0.000000 -2.000000 0.000000 0.000000 0.000000 0.000000 0.000000 0.000000 0.000000
1.714577 1.300000 0.424200 4.742076 0.000000 -14.270225 0.000000 1.000000 0.000000 -2.000000 0.000000 0.000000 0.000000 0.000000 0.000000 0.000000 0.000000
2.415887 1.300000 -0.140154 14.104379 0.000000 -9.546057 0.000000 1.000000 0.000000 -2.000000 0.000000 0.000000 0.000000 0.000000 0.000000 0.000000 0.000000
3.818506 1.300000 -1.268862 15.506997 0.000000 -10.674765 0.000000 1.000000 0.000000 -2.000000 0.000000 0.000000 0.000000 0.000000 0.000000 0.000000 0.000000
3.818506 1.300000 -1.268862 9.007918 0.000000 -15.345860 0.000000 1.000000 0.000000 -2.000000 0.000000 0.000000 0.000000 0.000000 0.000000 0.000000 0.000000
3.818506 1.300000 -1.268862 -1.562219 0.000000 -15.273848 0.000000 1.000000 0.000000 -2.000000 0.000000 0.000000 0.000000 0.000000 0.000000 0.000000 0.000000
3.818506 1.300000 -1.268862 -10.355540 0.000000 -6.187001 0.000000 1.000000 0.000000 -2.000000 0.000000 0.000000 0.000000 0.000000 0.000000 0.000000 0.000000
3.818506 1.300000 -1.268862 5.959413 0.000000 -16.118372 0.000000 1.000000 0.000000 -2.000000 0.000000 0.000000 0.000000 0.000000 0.000000 0.000000 0.000000
5.870701 1.300000 -3.024269 17.271788 0.000000 -12.776527 0.000000 1.000000 0.000000 -2.000000 0.000000 0.000000 0.000000 0.000000 0.000000 0.000000 0.000000
7.922897 1.300000 -4.779675 19.323982 0.000000 -14.531934 0.000000 1.000000 0.000000 -2.000000 0.000000 0.000000 0.000000 0.000000 0.000000 0.000000 0.000000
7.922897 1.300000 -4.779675 22.538990 0.000000 -8.165097 0.000000 1.000000 0.000000 -2.000000 0.000000 0.000000 0.000000 0.000000 0.000000 0.000000 0.000000
7.922897 1.300000 -4.779675 19.078829 0.000000 5.252093 0.000000 1.000000 0.000000 -2.000000 0.000000 0.000000 0.000000 0.000000 0.000000 0.000000 0.000000
7.588519 1.300000 -6.548717 4.802031 0.000000 -21.290722 0.000000 1.000000 0.000000 -2.000000 0.000000 0.000000 0.000000 0.000000 0.000000 0.000000 0.000000
7.421330 1.300000 -7.433237 11.757278 0.000000 -21.796059 0.000000 1.000000 0.000000 -2.000000 0.000000 0.000000 0.000000 0.000000 0.000000 0.000000 0.000000
4.949040 1.300000 -10.051069 7.534400 0.000000 -24.829670 0.000000 1.000000 0.000000 18.000000 0.000000 0.000000 0.000000 0.000000 0.000000 0.000000 0.000000
4.949040 1.300000 -10.051069 -8.115504 0.000000 -17.427309 0.000000 1.000000 0.000000 -14.000000 0.000000 0.000000 0.000000 0.000000 0.000000 0.000000 0.000000
4.949040 1.300000 -10.051069 -6.369646 0.000000 -0.203304 0.000000 1.000000 0.000000 -14.000000 0.000000 0.000000 0.000000 0.000000 0.000000 0.000000 0.000000
4.949040 1.300000 -10.051069 9.170427 0.000000 4.345842 0.000000 1.000000 0.000000 -14.000000 0.000000 0.000000 0.000000 0.000000 0.000000 0.000000 0.000000
5.962173 1.300000 -6.595811 10.183561 0.000000 7.801101 0.000000 1.000000 0.000000 -6.000000 0.000000 0.000000 0.000000 0.000000 0.000000 0.000000 0.000000
5.098359 1.300000 -6.342527 9.319747 0.000000 8.054384 0.000000 1.000000 0.000000 -6.000000 0.000000 0.000000 0.000000 0.000000 0.000000 0.000000 0.000000
6.364776 1.300000 -2.023454 10.586164 0.000000 12.373456 0.000000 1.000000 0.000000 -6.000000 0.000000 0.000000 0.000000 0.000000 0.000000 0.000000 0.000000
7.965352 1.300000 -1.199156 21.303480 0.000000 5.669991 0.000000 1.000000 0.000000 -10.000000 0.000000 0.000000 0.000000 0.000000 0.000000 0.000000 0.000000
7.965352 1.300000 -1.199156 22.963480 0.000000 -0.815480 0.000000 1.000000 0.000000 -18.000000 0.000000 0.000000 0.000000 0.000000 0.000000 0.000000 0.000000
8.865239 1.900000 -1.176136 23.863367 0.600000 -0.792459 0.000000 1.000000 0.000000 -18.000000 0.000000 0.000000 0.000000 0.000000 0.000000 0.000000 0.000000
9.765127 2.500000 -1.153115 24.763254 1.200000 -0.769439 0.000000 1.000000 0.000000 -18.000000 0.000000 0.000000 0.000000 0.000000 0.000000 0.000000 0.000000
10.665015 3.100000 -1.130094 25.663141 1.800000 -0.746418 0.000000 1.000000 0.000000 -18.000000 0.000000 0.000000 0.000000 0.000000 0.000000 0.000000 0.000000
11.564903 3.700000 -1.107074 26.563028 2.400000 -0.723398 0.000000 1.000000 0.000000 -18.000000 0.000000 0.000000 0.000000 0.000000 0.000000 0.000000 0.000000
11.564903 3.700000 -1.107074 16.089848 2.400000 -15.411473 0.000000 1.000000 0.000000 2.000000 0.000000 0.000000 0.000000 0.000000 0.000000 0.000000 0.000000
11.564903 3.700000 -1.107074 -0.127708 2.400000 -10.507811 0.000000 1.000000 0.000000 2.000000 0.000000 0.000000 0.000000 0.000000 0.000000 0.000000 0.000000
9.460234 3.700000 -2.799206 -2.232378 2.400000 -12.199943 0.000000 1.000000 0.000000 -2.000000 0.000000 0.000000 0.000000 0.000000 0.000000 0.000000 0.000000
7.957096 3.700000 -1.808304 -4.569055 2.400000 6.449215 0.000000 1.000000 0.000000 -2.000000 0.000000 0.000000 0.000000 0.000000 0.000000 0.000000 0.000000
4.950819 3.700000 0.173501 -7.575332 2.400000 8.431020 0.000000 1.000000 0.000000 -2.000000 0.000000 0.000000 0.000000 0.000000 0.000000 0.000000 0.000000
1.734695 3.700000 1.718471 -12.540184 2.400000 6.335709 0.000000 1.000000 0.000000 2.000000 0.000000 0.000000 0.000000 0.000000 0.000000 0.000000 0.000000
1.734695 3.700000 1.718471 -5.166305 2.400000 15.040153 0.000000 1.000000 0.000000 4.000000 0.000000 0.000000 0.000000 0.000000 0.000000 0.000000 0.000000
1.734695 3.700000 1.718471 16.588310 2.400000 -0.393487 0.000000 1.000000 0.000000 4.000000 0.000000 0.000000 0.000000 0.000000 0.000000 0.000000 0.000000
3.517129 3.700000 1.465036 18.370743 2.400000 -0.646922 0.000000 1.000000 0.000000 4.000000 0.000000 0.000000 0.000000 0.000000 0.000000 0.000000 0.000000
3.684549 3.700000 4.160382 4.614661 2.400000 19.134527 0.000000 1.000000 0.000000 4.000000 0.000000 0.000000 0.000000 0.000000 0.000000 0.000000 0.000000
3.419129 3.700000 5.941071 1.207299 2.400000 20.780140 0.000000 1.000000 0.000000 0.000000 0.000000 0.000000 0.000000 0.000000 0.000000 0.000000 0.000000
3.419129 3.700000 5.941071 11.158881 2.400000 18.793554 0.000000 1.000000 0.000000 0.000000 0.000000 0.000000 0.000000 0.000000 0.000000 0.000000 0.000000
2.361419 3.700000 7.397966 -10.164705 2.400000 15.655467 0.000000 1.000000 0.000000 12.000000 0.000000 0.000000 0.000000 0.000000 0.000000 0.000000 0.000000
1.677098 3.700000 6.813134 -9.728248 2.400000 -2.934079 0.000000 1.000000 0.000000 12.000000 0.000000 0.000000 0.000000 0.000000 0.000000 0.000000 0.000000
3.070674 3.700000 7.952976 14.683808 2.400000 17.451658 0.000000 1.000000 0.000000 8.000000 0.000000 0.000000 0.000000 0.000000 0.000000 0.000000 0.000000
3.028141 3.700000 6.153118 2.673695 2.400000 -8.845700 0.000000 1.000000 0.000000 8.000000 0.000000 0.000000 0.000000 0.000000 0.000000 0.000000 0.000000
2.943074 3.700000 2.553401 2.588629 2.400000 -12.445416 0.000000 1.000000 0.000000 8.000000 0.000000 0.000000 0.000000 0.000000 0.000000 0.000000 0.000000
2.879274 3.700000 -0.146386 2.524828 2.400000 -15.145204 0.000000 1.000000 0.000000 8.000000 0.000000 0.000000 0.000000 0.000000 0.000000 0.000000 0.000000
2.815474 3.700000 -2.846173 2.461028 2.400000 -17.844990 0.000000 1.000000 0.000000 8.000000 0.000000 0.000000 0.000000 0.000000 0.000000 0.000000 0.000000
2.928661 3.700000 -3.735137 5.265174 2.400000 -18.555086 0.000000 1.000000 0.000000 8.000000 0.000000 0.000000 0.000000 0.000000 0.000000 0.000000 0.000000
2.319846 3.700000 -5.653721 4.656359 2.400000 -20.473669 0.000000 1.000000 0.000000 8.000000 0.000000 0.000000 0.000000 0.000000 0.000000 0.000000 0.000000
2.319846 3.700000 -5.653721 -9.085506 2.400000 -15.400952 0.000000 1.000000 0.000000 8.000000 0.000000 0.000000 0.000000 0.000000 0.000000 0.000000 0.000000
2.319846 3.700000 -5.653721 17.299721 2.400000 -4.820334 0.000000 1.000000 0.000000 8.000000 0.000000 0.000000 0.000000 0.000000 0.000000 0.000000 0.000000
3.722441 3.700000 -2.432034 7.943823 2.400000 11.964884 0.000000 1.000000 0.000000 8.000000 0.000000 0.000000 0.000000 0.000000 0.000000 0.000000 0.000000
5.139821 3.700000 -3.542150 16.951321 2.400000 -12.793115 0.000000 1.000000 0.000000 -2.000000 0.000000 0.000000 0.000000 0.000000 0.000000 0.000000 0.000000
7.828341 3.700000 -3.796766 22.764570 2.400000 -5.211298 0.000000 1.000000 0.000000 -2.000000 0.000000 0.000000 0.000000 0.000000 0.000000 0.000000 0.000000
8.724515 3.700000 -3.881638 23.660744 2.400000 -5.296170 0.000000 1.000000 0.000000 -2.000000 0.000000 0.000000 0.000000 0.000000 0.000000 0.000000 0.000000
8.724515 3.700000 -3.881638 5.690558 2.400000 -18.574724 0.000000 1.000000 0.000000 -2.000000 0.000000 0.000000 0.000000 0.000000 0.000000 0.000000 0.000000
8.360440 3.700000 -5.644808 5.326484 2.400000 -20.337896 0.000000 1.000000 0.000000 -2.000000 0.000000 0.000000 0.000000 0.000000 0.000000 0.000000 0.000000
8.360440 3.700000 -5.644808 -6.602846 2.400000 -4.553095 0.000000 1.000000 0.000000 -4.000000 0.000000 0.000000 0.000000 0.000000 0.000000 0.000000 0.000000
5.601546 3.700000 -6.346097 -9.361741 2.400000 -5.254385 0.000000 1.000000 0.000000 -4.000000 0.000000 0.000000 0.000000 0.000000 0.000000 0.000000 0.000000
5.601546 3.700000 -6.346097 19.082012 2.400000 -12.931600 0.000000 1.000000 0.000000 -4.000000 0.000000 0.000000 0.000000 0.000000 0.000000 0.000000 0.000000
10.067670 3.700000 -6.904671 24.954746 2.400000 -8.766582 0.000000 1.000000 0.000000 -4.000000 0.000000 0.000000 0.000000 0.000000 0.000000 0.000000 0.000000
8.397422 3.700000 -9.026760 -0.881738 2.400000 -20.816145 0.000000 1.000000 0.000000 -4.000000 0.000000 0.000000 0.000000 0.000000 0.000000 0.000000 0.000000
7.283923 1.900000 -10.441486 -1.995237 0.600000 -22.230871 0.000000 1.000000 0.000000 -4.000000 0.000000 0.000000 0.000000 0.000000 0.000000 0.000000 0.000000
6.170424 0.700000 -11.856213 -3.108736 -0.600000 -23.645597 0.000000 1.000000 0.000000 -4.000000 0.000000 0.000000 0.000000 0.000000 0.000000 0.000000 0.000000
5.613674 0.100000 -12.563576 -3.665486 -1.200000 -24.352961 0.000000 1.000000 0.000000 -4.000000 0.000000 0.000000 0.000000 0.000000 0.000000 0.000000 0.000000
5.613674 0.100000 -12.563576 -7.921700 -1.200000 -6.091640 0.000000 1.000000 0.000000 -4.000000 0.000000 0.000000 0.000000 0.000000 0.000000 0.000000 0.000000
5.613674 0.700000 -12.563576 -7.921700 -0.600000 -6.091640 0.000000 1.000000 0.000000 -4.000000 0.000000 0.000000 0.000000 0.000000 0.000000 0.000000 0.000000
3.989429 0.700000 -11.786943 -9.545945 -0.600000 -5.315007 0.000000 1.000000 0.000000 -4.000000 0.000000 0.000000 0.000000 0.000000 0.000000 0.000000 0.000000
2.392583 0.700000 -9.210150 2.620901 -0.600000 5.791193 0.000000 1.000000 0.000000 -8.000000 0.000000 0.000000 0.000000 0.000000 0.000000 0.000000 0.000000
1.519900 0.700000 -7.396289 1.748219 -0.600000 7.605053 0.000000 1.000000 0.000000 -8.000000 0.000000 0.000000 0.000000 0.000000 0.000000 0.000000 0.000000
1.547299 0.700000 -5.596128 1.775617 -0.600000 9.405214 0.000000 1.000000 0.000000 -8.000000 0.000000 0.000000 0.000000 0.000000 0.000000 0.000000 0.000000
1.574697 0.700000 -3.795966 1.803015 -0.600000 11.205376 0.000000 1.000000 0.000000 -8.000000 0.000000 0.000000 0.000000 0.000000 0.000000 0.000000 0.000000
2.234489 0.700000 -2.120853 7.732758 -0.600000 11.838423 0.000000 1.000000 0.000000 -8.000000 0.000000 0.000000 0.000000 0.000000 0.000000 0.000000 0.000000
3.224177 0.700000 0.391816 8.722445 -0.600000 14.351093 0.000000 1.000000 0.000000 -8.000000 0.000000 0.000000 0.000000 0.000000 0.000000 0.000000 0.000000
3.626235 0.700000 2.146718 6.976716 -0.600000 16.770899 0.000000 1.000000 0.000000 -8.000000 0.000000 0.000000 0.000000 0.000000 0.000000 0.000000 0.000000
4.028293 0.700000 3.901620 7.378773 -0.600000 18.525801 0.000000 1.000000 0.000000 -8.000000 0.000000 0.000000 0.000000 0.000000 0.000000 0.000000 0.000000
5.106772 0.700000 4.578042 8.457253 -0.600000 19.202223 0.000000 1.000000 0.000000 -8.000000 0.000000 0.000000 0.000000 0.000000 0.000000 0.000000 0.000000
5.147870 1.300000 7.278284 5.376187 0.000000 22.279625 0.000000 1.000000 0.000000 -8.000000 0.000000 0.000000 0.000000 0.000000 0.000000 0.000000 0.000000
4.288887 1.300000 9.992225 4.517204 0.000000 24.993563 0.000000 1.000000 0.000000 -8.000000 0.000000 0.000000 0.000000 0.000000 0.000000 0.000000 0.000000
4.343683 1.300000 13.592545 4.572000 0.000000 28.593882 0.000000 1.000000 0.000000 -8.000000 0.000000 0.000000 0.000000 0.000000 0.000000 0.000000 0.000000
4.631363 1.300000 32.494244 4.859680 0.000000 47.495590 0.000000 1.000000 0.000000 -8.000000 0.000000 0.000000 0.000000 0.000000 0.000000 0.000000 0.000000
4.631363 1.300000 32.494244 7.852364 0.000000 17.840998 0.000000 1.000000 0.000000 -8.000000 0.000000 0.000000 0.000000 0.000000 0.000000 0.000000 0.000000
